5 0.7848875661375662 0.6237599206349206 0.04265873015873016 0.034722222222222224
3 0.41964285714285715 0.6355406746031746 0.046296296296296294 0.036458333333333336
2 0.509755291005291 0.6398809523809523 0.04728835978835979 0.036210317460317464
0 0.7114748677248677 0.6750992063492064 0.0419973544973545 0.030753968253968252
1 0.6453373015873016 0.06882440476190477 0.040013227513227514 0.033482142857142856
0 0.3156415343915344 0.8029513888888888 0.04728835978835979 0.037450396825396824
5 0.4252645502645503 0.8035714285714286 0.04365079365079365 0.034722222222222224
0 0.6321097883597884 0.8174603174603174 0.040013227513227514 0.030753968253968252
5 0.8381283068783069 0.828125 0.040674603174603176 0.032242063492063495
5 0.6400462962962963 0.8747519841269841 0.045304232804232805 0.03670634920634921
3 0.8783068783068783 0.8790922619047619 0.03968253968253968 0.031001984126984128
5 0.7230489417989417 0.8836805555555556 0.040013227513227514 0.030753968253968252
3 0.7628968253968254 0.8995535714285714 0.04365079365079365 0.037698412698412696
5 0.6853505291005291 0.9091021825396826 0.045304232804232805 0.037450396825396824
3 0.8596230158730159 0.9299355158730159 0.04133597883597884 0.0339781746031746
0 0.7815806878306878 0.9348958333333334 0.040013227513227514 0.03149801587301587
5 0.7341269841269841 0.9425843253968254 0.041005291005291 0.031994047619047616
2 0.6866732804232805 0.9522569444444444 0.040674603174603176 0.03149801587301587
0 0.8839285714285714 0.9522569444444444 0.03968253968253968 0.03149801587301587
4 0.826058201058201 0.9523809523809523 0.03902116402116402 0.03273809523809524
3 0.6486441798941799 0.9542410714285714 0.03406084656084656 0.028025793650793652
4 0.6040013227513228 0.955109126984127 0.03736772486772487 0.032242063492063495
0 0.5110780423280423 0.18687996031746032 0.044642857142857144 0.0339781746031746
4 0.6238425925925926 0.18812003968253968 0.045304232804232805 0.03943452380952381