0 0.381573 0.453416 0.061284 0.044720
0 0.522216 0.233710 0.052156 0.044563
0 0.300720 0.262923 0.050175 0.042583
4 0.309632 0.317885 0.048194 0.035651
2 0.333729 0.363686 0.046214 0.036146
2 0.445633 0.342147 0.050835 0.040602
3 0.253516 0.382997 0.056117 0.044068
0 0.533109 0.366904 0.054136 0.039612
1 0.507361 0.438948 0.052816 0.040107
4 0.278273 0.442909 0.055457 0.046049
4 0.319535 0.468657 0.056117 0.042088
4 0.382914 0.561002 0.053476 0.042583
1 0.463458 0.557784 0.054796 0.044068
0 0.323496 0.572638 0.056117 0.046049
3 0.262098 0.640226 0.056117 0.046544
1 0.541031 0.603337 0.051495 0.040107
0 0.602099 0.606803 0.056117 0.045058
0 0.641381 0.644682 0.058097 0.047534
0 0.529478 0.529808 0.054796 0.045554
0 0.722585 0.604575 0.051495 0.037631
2 0.656236 0.493415 0.057437 0.044068
2 0.725556 0.454050 0.050835 0.038622
0 0.790586 0.471628 0.054136 0.042088
0 0.688915 0.368637 0.050175 0.044068