3 0.309894 0.353372 0.035492 0.025288
2 0.385907 0.415262 0.037267 0.024845
0 0.437371 0.419255 0.038450 0.025732
1 0.530243 0.373336 0.039633 0.026176
0 0.517229 0.418146 0.038450 0.026176
4 0.236247 0.464951 0.040816 0.028394
0 0.166149 0.523736 0.041408 0.027950
2 0.292147 0.521517 0.040225 0.027950
2 0.441511 0.547693 0.040816 0.030612
4 0.356034 0.585404 0.041408 0.029725
2 0.228261 0.753771 0.044957 0.033718
3 0.461032 0.741127 0.045549 0.034161
1 0.617495 0.796362 0.047323 0.038154
0 0.806492 0.715617 0.047915 0.037267
1 0.628143 0.620453 0.042591 0.031500
0 0.702381 0.614241 0.044366 0.033274
0 0.852632 0.593390 0.044366 0.032387
1 0.565143 0.414596 0.040816 0.028838
2 0.741127 0.371340 0.041408 0.025732
3 0.624002 0.332298 0.036676 0.023957