0 0.44246031746031744 0.21651785714285715 0.03571428571428571 0.026785714285714284
3 0.3812830687830688 0.259796626984127 0.036375661375661374 0.02628968253968254
1 0.32853835978835977 0.37115575396825395 0.03439153439153439 0.02554563492063492
5 0.5689484126984127 0.44419642857142855 0.03802910052910053 0.025793650793650792
5 0.22685185185185186 0.4696180555555556 0.04133597883597884 0.028521825396825396
5 0.3958333333333333 0.5685763888888888 0.04034391534391534 0.03149801587301587
3 0.4289021164021164 0.6138392857142857 0.03968253968253968 0.032242063492063495
5 0.5454695767195767 0.6320684523809523 0.04034391534391534 0.03149801587301587
3 0.5930886243386243 0.6181795634920635 0.03902116402116402 0.03149801587301587
0 0.6202050264550265 0.5694444444444444 0.04133597883597884 0.03149801587301587
3 0.6868386243386243 0.6814236111111112 0.03902116402116402 0.030257936507936508
2 0.716765873015873 0.6163194444444444 0.03802910052910053 0.029265873015873016
0 0.8219246031746031 0.5679563492063492 0.03902116402116402 0.026785714285714284
3 0.7293320105820106 0.5358382936507936 0.04034391534391534 0.02976190476190476
3 0.6693121693121693 0.5095486111111112 0.03968253968253968 0.02976190476190476
5 0.6440145502645502 0.41703869047619047 0.03869047619047619 0.026785714285714284
1 0.7576058201058201 0.4280753968253968 0.03902116402116402 0.028025793650793652
0 0.8015873015873016 0.42175099206349204 0.03736772486772487 0.025793650793650792
5 0.8024140211640212 0.3671875 0.03802910052910053 0.028025793650793652
3 0.7440476190476191 0.28608630952380953 0.036375661375661374 0.02554563492063492