2 0.41633597883597884 0.27331349206349204 0.028769841269841268 0.019593253968253968
4 0.48726851851851855 0.2681051587301587 0.03141534391534392 0.020337301587301588
0 0.4826388888888889 0.36408730158730157 0.0333994708994709 0.02132936507936508
2 0.5932539682539683 0.3812003968253968 0.03141534391534392 0.021577380952380952
2 0.5208333333333334 0.40575396825396826 0.0333994708994709 0.026785714285714284
3 0.2865410052910053 0.3947172619047619 0.03141534391534392 0.019593253968253968
3 0.2781084656084656 0.4341517857142857 0.03042328042328042 0.0220734126984127
0 0.4191468253968254 0.4818948412698413 0.034722222222222224 0.021577380952380952
3 0.4675925925925926 0.5007440476190477 0.03306878306878307 0.024057539682539684
2 0.3189484126984127 0.5746527777777778 0.037698412698412696 0.02554563492063492
3 0.4487433862433862 0.535094246031746 0.03406084656084656 0.0220734126984127
3 0.5162037037037037 0.5259176587301587 0.03670634920634921 0.0248015873015873
4 0.5963955026455027 0.5157490079365079 0.0333994708994709 0.020833333333333332
3 0.6807208994708994 0.5465029761904762 0.03571428571428571 0.025049603174603176
3 0.6944444444444444 0.4541170634920635 0.0333994708994709 0.022817460317460316
0 0.7724867724867724 0.4123263888888889 0.0333994708994709 0.020833333333333332
1 0.7786044973544973 0.37822420634920634 0.03207671957671958 0.020337301587301588
3 0.8207671957671958 0.3871527777777778 0.03670634920634921 0.024057539682539684
4 0.7931547619047619 0.32006448412698413 0.03306878306878307 0.0220734126984127
2 0.7101521164021164 0.27901785714285715 0.0333994708994709 0.021577380952380952