5 0.40062830687830686 0.2604166666666667 0.06779100529100529 0.05406746031746032
4 0.3396164021164021 0.29997519841269843 0.0667989417989418 0.048859126984126984
4 0.8052248677248677 0.34362599206349204 0.06944444444444445 0.054811507936507936
0 0.9563492063492064 0.35143849206349204 0.06878306878306878 0.05406746031746032
5 0.3695436507936508 0.3743799603174603 0.0625 0.046875
1 0.9730489417989417 0.40141369047619047 0.0539021164021164 0.043402777777777776
5 0.7256944444444444 0.43365575396825395 0.06514550264550265 0.048859126984126984
2 0.6408730158730159 0.4341517857142857 0.061507936507936505 0.047371031746031744
4 0.5064484126984127 0.4820188492063492 0.07043650793650794 0.054811507936507936
4 0.8969907407407407 0.48933531746031744 0.0625 0.052083333333333336
5 0.37962962962962965 0.5137648809523809 0.061507936507936505 0.043402777777777776
4 0.9780092592592593 0.5474950396825397 0.04398148148148148 0.05084325396825397
3 0.4408068783068783 0.5602678571428571 0.06415343915343916 0.052083333333333336
5 0.8253968253968254 0.5882936507936508 0.06878306878306878 0.05357142857142857
1 0.3826058201058201 0.6024305555555556 0.06283068783068783 0.04712301587301587
3 0.6302910052910053 0.6183035714285714 0.06878306878306878 0.052083333333333336
1 0.9525462962962963 0.6241319444444444 0.07308201058201058 0.05282738095238095
3 0.6083002645502645 0.6774553571428571 0.06580687830687831 0.05282738095238095
0 0.8374669312169312 0.6969246031746031 0.06779100529100529 0.05009920634920635
4 0.47585978835978837 0.6989087301587301 0.0667989417989418 0.05406746031746032
2 0.38839285714285715 0.7342509920634921 0.06779100529100529 0.05679563492063492
3 0.6261574074074074 0.736359126984127 0.07308201058201058 0.05555555555555555
3 0.6220238095238095 0.1831597222222222 0.061507936507936505 0.04935515873015873
4 0.6903108465608465 0.21118551587301587 0.0625 0.04935515873015873