3 0.439401 0.399427 0.043319 0.030578
2 0.191955 0.059154 0.046535 0.035492
1 0.300799 0.074534 0.048112 0.035492
2 0.164744 0.251701 0.042591 0.031352
3 0.234940 0.281278 0.047323 0.036084
2 0.346544 0.291925 0.049689 0.036084
0 0.243616 0.362319 0.050478 0.038450
0 0.171448 0.439219 0.044957 0.030169
0 0.191955 0.549542 0.046535 0.035492
1 0.167110 0.511683 0.047323 0.035492
2 0.173026 0.582964 0.048112 0.034901
3 0.294094 0.660751 0.045746 0.033126
4 0.172631 0.702455 0.042591 0.032535
0 0.285813 0.750074 0.040225 0.031943
0 0.283447 0.797397 0.038647 0.028394
1 0.196293 0.762201 0.045746 0.032535
1 0.182490 0.905649 0.046535 0.037859
0 0.211673 0.875185 0.043380 0.031352
3 0.302376 0.914227 0.040225 0.030169
2 0.270433 0.951198 0.041014 0.034309
0 0.431332 0.939367 0.036281 0.031943
1 0.605245 0.708370 0.041802 0.032535
0 0.700286 0.771074 0.036281 0.027802
0 0.686089 0.925466 0.042591 0.032535