3 0.372028 0.273506 0.045120 0.035554
4 0.301207 0.318484 0.043978 0.032127
2 0.451703 0.376954 0.043407 0.032555
1 0.294067 0.400300 0.047976 0.035554
1 0.443992 0.425359 0.051974 0.040266
1 0.279503 0.434783 0.045120 0.033412
1 0.433712 0.466909 0.046263 0.034269
4 0.260941 0.507175 0.047976 0.035982
4 0.174698 0.476119 0.047976 0.037267
4 0.516813 0.471407 0.047976 0.038981
4 0.340615 0.684943 0.049689 0.037695
1 0.440851 0.702934 0.050261 0.043692
4 0.571643 0.665239 0.049118 0.040266
4 0.746413 0.594774 0.046834 0.034697
0 0.579068 0.595845 0.052545 0.040266
0 0.657885 0.485757 0.046834 0.035982
0 0.640180 0.450203 0.047976 0.037695
4 0.720711 0.452345 0.045691 0.032555
1 0.628757 0.397087 0.045691 0.034269
1 0.711858 0.399871 0.045120 0.034697
2 0.778968 0.390876 0.050261 0.037267
0 0.696437 0.341829 0.048547 0.035982
3 0.627329 0.313558 0.048547 0.037695
2 0.693011 0.301992 0.043978 0.032555