1 0.341348 0.215388 0.039538 0.027650
1 0.418286 0.240834 0.039538 0.027249
2 0.272691 0.355039 0.036866 0.028050
3 0.323716 0.359647 0.038469 0.026848
2 0.476792 0.320777 0.037935 0.026848
1 0.536633 0.333801 0.040072 0.028852
1 0.599679 0.326588 0.041141 0.030455
5 0.610098 0.395913 0.039538 0.031256
3 0.413745 0.444200 0.039004 0.030054
5 0.563615 0.466640 0.040606 0.030054
4 0.456755 0.497696 0.040606 0.031256
0 0.319175 0.491685 0.040072 0.029653
5 0.376077 0.535764 0.038469 0.028852
4 0.709477 0.463635 0.038469 0.028050
2 0.835304 0.395312 0.041141 0.031657
1 0.772524 0.363454 0.040606 0.028852
5 0.836639 0.361651 0.038469 0.029253
4 0.865224 0.292527 0.036866 0.025646
5 0.627329 0.058419 0.036260 0.027531
2 0.675228 0.073191 0.036260 0.026859