4 0.40906084656084657 0.2553323412698413 0.056216931216931214 0.043402777777777776
3 0.20816798941798942 0.3696676587301587 0.0539021164021164 0.04092261904761905
2 0.1541005291005291 0.3758680555555556 0.046296296296296294 0.035962301587301584
2 0.44460978835978837 0.3804563492063492 0.044642857142857144 0.031746031746031744
0 0.2888558201058201 0.419890873015873 0.054563492063492064 0.042162698412698416
4 0.16848544973544974 0.4314236111111111 0.0539021164021164 0.040426587301587304
0 0.2154431216931217 0.49094742063492064 0.05125661375661376 0.03794642857142857
0 0.8128306878306878 0.5102926587301587 0.04563492063492063 0.03050595238095238
3 0.15625 0.5261656746031746 0.04728835978835979 0.035962301587301584
5 0.7683531746031746 0.5492311507936508 0.044642857142857144 0.035962301587301584
0 0.6901455026455027 0.5720486111111112 0.04894179894179894 0.03844246031746032
5 0.9188161375661376 0.5959821428571429 0.040674603174603176 0.031746031746031744
4 0.1593915343915344 0.6439732142857143 0.052248677248677246 0.04290674603174603
5 0.738260582010582 0.644469246031746 0.04728835978835979 0.03546626984126984
2 0.6605489417989417 0.6922123015873016 0.04728835978835979 0.03670634920634921
0 0.8045634920634921 0.7064732142857143 0.042328042328042326 0.03050595238095238
2 0.45601851851851855 0.7233382936507936 0.04894179894179894 0.040426587301587304
2 0.40343915343915343 0.7296626984126984 0.046296296296296294 0.03422619047619048
0 0.7666997354497355 0.7394593253968254 0.044642857142857144 0.03050595238095238
0 0.21114417989417988 0.7615327380952381 0.044642857142857144 0.035962301587301584
5 0.3758267195767196 0.7712053571428571 0.04133597883597884 0.03298611111111111
4 0.3353174603174603 0.8382936507936508 0.0496031746031746 0.03670634920634921
3 0.3146494708994709 0.19779265873015872 0.054563492063492064 0.04290674603174603
4 0.25165343915343913 0.2465277777777778 0.056216931216931214 0.042162698412698416