5 0.756225 0.534152 0.041592 0.027143
1 0.755415 0.566156 0.044293 0.029574
4 0.681413 0.617404 0.043213 0.032410
0 0.627127 0.621253 0.042673 0.030384
4 0.575812 0.583576 0.041592 0.029574
1 0.587695 0.426795 0.036191 0.026333
4 0.639551 0.309310 0.032950 0.022282
3 0.481283 0.586210 0.040512 0.029169
4 0.420245 0.608289 0.042673 0.030384
4 0.449684 0.459609 0.037811 0.025523
2 0.369740 0.315792 0.034570 0.022282
3 0.401340 0.330376 0.034030 0.021471
1 0.277643 0.384257 0.037271 0.022282
1 0.388646 0.439759 0.038892 0.024712
1 0.084535 0.413831 0.041052 0.027143
0 0.288446 0.494450 0.040512 0.025523
1 0.099120 0.507009 0.039972 0.026333
1 0.070761 0.550357 0.042673 0.027143
5 0.110193 0.587222 0.040512 0.028764
5 0.192567 0.599781 0.039972 0.029574