2 0.21461640211640212 0.32775297619047616 0.04034391534391534 0.031746031746031744
5 0.26273148148148145 0.43625992063492064 0.042328042328042326 0.03298611111111111
1 0.2134589947089947 0.48921130952380953 0.0419973544973545 0.029513888888888888
1 0.17542989417989419 0.5496031746031746 0.044642857142857144 0.03695436507936508
2 0.4636243386243386 0.3931051587301587 0.04034391534391534 0.03249007936507937
2 0.416005291005291 0.4583333333333333 0.04133597883597884 0.033482142857142856
2 0.4933862433862434 0.47619047619047616 0.0419973544973545 0.031746031746031744
4 0.34226190476190477 0.6247519841269841 0.04728835978835979 0.036210317460317464
5 0.37218915343915343 0.6924603174603174 0.04728835978835979 0.03794642857142857
5 0.39186507936507936 0.7528521825396826 0.04927248677248677 0.03869047619047619
0 0.6215277777777778 0.8079117063492064 0.047619047619047616 0.04117063492063492
1 0.5793650793650794 0.7492559523809523 0.04927248677248677 0.036458333333333336
4 0.6342592592592593 0.7513640873015873 0.045304232804232805 0.03571428571428571
2 0.8189484126984127 0.7018849206349206 0.044642857142857144 0.034970238095238096
2 0.5520833333333334 0.6903521825396826 0.04861111111111111 0.03869047619047619
5 0.5603505291005291 0.5718005952380952 0.04398148148148148 0.030753968253968252
4 0.7470238095238095 0.5283978174603174 0.04431216931216931 0.03298611111111111
1 0.8068783068783069 0.49206349206349204 0.044642857142857144 0.031746031746031744
5 0.8409391534391535 0.3603670634920635 0.042328042328042326 0.030753968253968252
2 0.5031415343915344 0.35540674603174605 0.04332010582010582 0.03149801587301587