5 0.534235 0.598655 0.037223 0.027918
2 0.583779 0.586859 0.034602 0.025558
5 0.637779 0.544393 0.036699 0.027918
3 0.440390 0.547539 0.034078 0.023986
3 0.443011 0.487378 0.036175 0.027918
3 0.401070 0.491310 0.034078 0.024772
2 0.417322 0.450220 0.033029 0.023592
5 0.733459 0.423875 0.037223 0.025952
4 0.643808 0.400283 0.031981 0.022020
5 0.537905 0.376101 0.034078 0.025558
2 0.496750 0.366467 0.034602 0.024379
5 0.549701 0.340319 0.035651 0.025558
2 0.400283 0.269542 0.032505 0.024772
0 0.358341 0.539478 0.033554 0.025165
1 0.373283 0.469684 0.036175 0.025558
0 0.205777 0.444322 0.034602 0.025165
0 0.263448 0.423679 0.032505 0.022413
1 0.184282 0.364501 0.034602 0.025165
2 0.241428 0.340516 0.035651 0.025952
5 0.291234 0.363912 0.035651 0.024772