5 0.2275132275132275 0.3263888888888889 0.06547619047619048 0.051587301587301584
0 0.7908399470899471 0.3334573412698413 0.06712962962962964 0.05381944444444445
4 0.6435185185185185 0.3482142857142857 0.06944444444444445 0.051587301587301584
4 0.17559523809523808 0.37276785714285715 0.06084656084656084 0.04365079365079365
1 0.8240740740740741 0.3803323412698413 0.056878306878306875 0.044890873015873016
5 0.22552910052910052 0.4437003968253968 0.06481481481481481 0.04861111111111111
5 0.5894510582010583 0.44915674603174605 0.05588624338624339 0.04017857142857143
2 0.5085978835978836 0.46378968253968256 0.06613756613756613 0.052083333333333336
4 0.7698412698412699 0.4789186507936508 0.06613756613756613 0.049107142857142856
4 0.8738425925925926 0.5220734126984127 0.059854497354497355 0.04563492063492063
4 0.38756613756613756 0.5270337301587301 0.062169312169312166 0.04861111111111111
5 0.27116402116402116 0.5808531746031746 0.0582010582010582 0.04365079365079365
5 0.7266865079365079 0.5845734126984127 0.06382275132275132 0.0496031746031746
1 0.8589616402116402 0.6016865079365079 0.06779100529100529 0.052083333333333336
3 0.34308862433862436 0.6166914682539683 0.06316137566137567 0.050347222222222224
3 0.5451388888888888 0.6458333333333334 0.06316137566137567 0.05257936507936508
1 0.2984457671957672 0.6672867063492064 0.06712962962962964 0.044890873015873016
0 0.7668650793650794 0.6927083333333334 0.062169312169312166 0.04365079365079365
3 0.5400132275132276 0.7087053571428571 0.06547619047619048 0.05431547619047619
4 0.41369047619047616 0.751984126984127 0.06878306878306878 0.05555555555555555
3 0.5701058201058201 0.7631448412698413 0.06944444444444445 0.05803571428571429
2 0.33465608465608465 0.8000992063492064 0.06547619047619048 0.05505952380952381
3 0.4236111111111111 0.2152777777777778 0.056878306878306875 0.04365079365079365
4 0.4945436507936508 0.23177083333333334 0.059854497354497355 0.04439484126984127